14
PrimitiveType.Cylinder(Host)
0.63827056|0.037969694|0.06272941
0|-0.9001|4
0|180|0
0.4|0.088|0.4
PrimitiveType.Cylinder(Client)
0.042984568|0.04351659|1
0|-0.9001|-4
0|180|0
0.4|0.088|0.4
PrimitiveType.Cylinder
0.19999993|0.19999993|0.19999993
0|-14.394898|0
-0|0|0
29.5|13.5807|29.5
PrimitiveType.Cylinder(Center)
0.09850321|0.09850321|0.09850321
0|-0.9000001|0
-0|0|0
0.6564172|0.092778765|0.6564172
PrimitiveType.Cylinder(1)
1|1|1
0|-0.9001|0
-0|0|0
6.953431|0.08802741|6.953431
PrimitiveType.Cylinder(1Ring)
0.19999993|0.19999993|0.19999993
0|-0.9001999|0
-0|0|0
7.561116|0.08802699|7.561116
PrimitiveType.Cylinder(2)
0.8|0.8|0.8
0|-0.9003|0
-0|0|0
14.280496|0.08770053|14.280496
PrimitiveType.Cylinder(2Ring)
0.19999993|0.19999993|0.19999993
0|-0.9003999|0
-0|0|0
14.807636|0.08770099|14.807636
PrimitiveType.Cylinder(3)
0.6|0.6|0.6
0|-0.901|0
-0|0|0
21.785147|0.08802918|21.785147
PrimitiveType.Cylinder
0.63827056|0.037969694|0.06272941
0|-6.0414433|0
-0|0|0
29.51|0.0531|29.51
PrimitiveType.Cylinder(Environment)(Floor)
0.5220825|0|0
0|-10|0
-0|0|0
50|0.5|50
PrimitiveType.Cylinder(Floor)(Invisible)
0|0|0
0|-0.8999|0
-0|0|0
29.5|0.0928|29.5
PrimitiveType.Cylinder(4)
0.39999995|0.39999995|0.39999995
0|-0.90200007|0
-0|0|0
29.04|0.088|29.04
PrimitiveType.Cylinder(3Ring)
0.19999993|0.19999993|0.19999993
0|-0.9013999|0
-0|0|0
22.3|0.0877|22.3
