81
Cylinder.Ring
0.6728411912918091|0.5199999809265137|0.3840999901294708
1.0320118093432029e-08|-4.0|7.052078387914662e-08
0.0|0.0|0.0
9.80346393585205|0.05000000074505806|9.80346393585205
Quad.Band(w).001(Wall)
0.23508648574352264|0.21738304197788239|0.19277091324329376
-3.4400919663753323e-18|-3.803253650665283|4.9579668045043945
52.50004756472249|0.0|0.0
3.591381311416626|0.5113241672515869|1.2445192337036133
Quad.Band(w).002(Wall)
0.23508648574352264|0.21738304197788239|0.19277091324329376
-1.532096028327942|-3.8032538890838623|4.715306282043457
52.50004756472249|342.00000120665163|2.1688311275092013e-06
3.5913825035095215|0.511323869228363|1.2445189952850342
Quad.Band(w).003(Wall)
0.23508648574352264|0.21738304197788239|0.19277091324329376
-2.914219617843628|-3.803255558013916|4.01107931137085
52.50004414962791|323.99999899820875|7.094599723568667e-07
3.5913827419281006|0.5113240480422974|1.2445189952850342
Quad.Band(w).004(Wall)
0.23508648574352264|0.21738304197788239|0.19277091324329376
-4.011079788208008|-3.803255558013916|2.914219617843628
52.50008513076293|305.9999097048539|3.168111944438632e-06
3.5913820266723633|0.5113238096237183|1.2445189952850342
Quad.Band(w).020(Wall)
0.23508648574352264|0.21738304197788239|0.19277091324329376
-4.715307235717773|-3.803255081176758|1.5320966243743896
52.500054394911665|287.9999706756608|359.9999997692191
3.591381549835205|0.5113240480422974|1.2445189952850342
Quad.Band(w).005(Wall)
0.23508648574352264|0.21738304197788239|0.19277091324329376
-4.9579668045043945|-3.803255558013916|-1.098566428936465e-07
52.50004414962791|270.000004325711|359.9999999512301
3.5913803577423096|0.5113242268562317|1.2445191144943237
Quad.Band(w).006(Wall)
0.23508648574352264|0.21738304197788239|0.19277091324329376
-4.715306758880615|-3.803255558013916|-1.5320961475372314
52.50005097981708|251.99998333424787|1.7850294720981318e-06
3.591381788253784|0.5113239884376526|1.2445191144943237
Quad.Band(w).007(Wall)
0.23508648574352264|0.21738304197788239|0.19277091324329376
-4.01107931137085|-3.803255081176758|-2.914219617843628
52.50004414962791|234.00000332391974|6.069631729254239e-06
3.591379404067993|0.5113239288330078|1.244518756866455
Quad.Band(w).008(Wall)
0.23508648574352264|0.21738304197788239|0.19277091324329376
-2.914219617843628|-3.803255796432495|-4.011080265045166
52.50004073453332|216.00000965321328|359.9999968323827
3.5913827419281006|0.5113239884376526|1.2445188760757446
Quad.Band(w).009(Wall)
0.23508648574352264|0.21738304197788239|0.19277091324329376
-1.532096266746521|-3.803255319595337|-4.715307235717773
52.50004414962791|198.00000232212847|359.99999951177364
3.5913822650909424|0.5113241076469421|1.2445193529129028
Quad.Band(w).010(Wall)
0.23508648574352264|0.21738304197788239|0.19277091324329376
1.9113022631245258e-07|-3.803255319595337|-4.957967281341553
52.50004414962791|180.00002231180034|359.9999999999951
3.591381311416626|0.5113241672515869|1.2445192337036133
Quad.Band(w).011(Wall)
0.23508648574352264|0.21738304197788239|0.19277091324329376
1.5320965051651|-3.803255081176758|-4.715307235717773
52.50004414962791|161.99999767787153|4.882263391571286e-07
3.591381072998047|0.5113239884376526|1.2445188760757446
Quad.Band(w).012(Wall)
0.23508648574352264|0.21738304197788239|0.19277091324329376
2.914219617843628|-3.803255319595337|-4.01107931137085
52.50004414962791|144.00000400716507|6.766622960371146e-07
3.591381549835205|0.5113240480422974|1.2445191144943237
Quad.Band(w).013(Wall)
0.23508648574352264|0.21738304197788239|0.19277091324329376
4.011080265045166|-3.803255558013916|-2.914219617843628
52.50004414962791|126.0000103364586|2.7848291519960777e-06
3.591381072998047|0.511323869228363|1.2445186376571655
Quad.Band(w).014(Wall)
0.23508648574352264|0.21738304197788239|0.19277091324329376
4.715306758880615|-3.803255796432495|-1.532096028327942
52.50004414962791|108.0000030053738|2.1137528768682363e-07
3.5913798809051514|0.5113239288330078|1.2445186376571655
Quad.Band(w).015(Wall)
0.23508648574352264|0.21738304197788239|0.19277091324329376
4.9579668045043945|-3.803255558013916|2.3800444637345208e-07
52.50005097981708|90.00000250447816|3.557720631142681e-06
3.5913803577423096|0.5113241076469421|1.2445189952850342
Quad.Band(w).016(Wall)
0.23508648574352264|0.21738304197788239|0.19277091324329376
4.715306758880615|-3.803255558013916|1.532096266746521
52.50004414962791|71.9999883432042|359.9999998849637
3.591381311416626|0.5113239884376526|1.2445186376571655
Quad.Band(w).017(Wall)
0.23508648574352264|0.21738304197788239|0.19277091324329376
4.011079788208008|-3.803255558013916|2.914219856262207
52.50004756472249|53.999984427213974|359.99999953009404
3.591381549835205|0.511323869228363|1.2445188760757446
Quad.Band(w).018(Wall)
0.23508648574352264|0.21738304197788239|0.19277091324329376
2.914219617843628|-3.8032538890838623|4.011079788208008
52.50005097981708|35.999990756507515|359.9999977133701
3.591381311416626|0.5113239288330078|1.2445182800292969
Quad.Band(w).019(Wall)
0.23508648574352264|0.21738304197788239|0.19277091324329376
1.5320959091186523|-3.8032541275024414|4.715307235717773
52.50005781000625|17.999974887686246|1.6731911952783933e-06
3.5913805961608887|0.5113239288330078|1.2445186376571655
Quad(w).001(Wall)
0.3739061951637268|0.3457489609718323|0.3066030740737915
0.0|-0.9210719466209412|5.881065845489502
15.000044813642633|0.0|0.0
3.5224053859710693|6.680270195007324|1.0280177593231201
Quad(w).002(Wall)
0.3739061951637268|0.3457489609718323|0.3066030740737915
-1.7770501375198364|-1.4077706336975098|5.4691972732543945
15.000044813642633|341.9999994991044|359.9999978753003
3.5224058628082275|5.672535419464111|1.0280177593231201
Quad(w).003(Wall)
0.3739061951637268|0.3457489609718323|0.3066030740737915
-3.3750739097595215|-1.4400014877319336|4.645390033721924
15.000044813642633|323.99999899820875|4.513336303030665e-09
3.5224058628082275|5.605799674987793|1.0280176401138306
Quad(w).004(Wall)
0.3739061951637268|0.3457489609718323|0.3066030740737915
-4.680325031280518|-1.2788474559783936|3.4004547595977783
15.000044813642633|306.00000874259683|359.999999081036
3.522404909133911|5.939477920532227|1.0280176401138306
Quad(w).006(Wall)
0.3739061951637268|0.3457489609718323|0.3066030740737915
-5.707473278045654|-1.568924903869629|-4.76837158203125e-07
15.000044813642633|270.000004325711|3.2980214714030726e-08
3.5224053859710693|5.338857173919678|1.0280176401138306
Quad(w).007(Wall)
0.3739061951637268|0.3457489609718323|0.3066030740737915
-5.536076545715332|-1.1453306674957275|-1.7987807989120483
15.00004310609534|251.99999016443704|1.3546565065970762e-07
3.5224053859710693|6.215931415557861|1.0280176401138306
Quad(w).008(Wall)
0.3739061951637268|0.3457489609718323|0.3066030740737915
-4.687311172485352|-1.2466163635253906|-3.405531883239746
15.00004310609534|234.00000332391974|359.99999980263914
3.5224053859710693|6.006213665008545|1.0280177593231201
Quad(w).009(Wall)
0.3739061951637268|0.3457489609718323|0.3066030740737915
-3.4562935829162598|-0.9243078231811523|-4.757181167602539
15.000044813642633|216.00000965321328|8.954633392387195e-07
3.5224053859710693|6.67357063293457|1.0280177593231201
Quad(w).010(Wall)
0.3739061951637268|0.3457489609718323|0.3066030740737915
-1.822418212890625|-0.8598461151123047|-5.608828544616699
15.000044813642633|198.00001598250682|6.706877004012977e-09
3.5224058628082275|6.807040214538574|1.0280178785324097
Quad(w).012(Wall)
0.3739061951637268|0.3457489609718323|0.3066030740737915
1.7823880910873413|-1.343308925628662|-5.485624313354492
15.000044813642633|162.00001133824986|4.776839135822155e-08
3.5224053859710693|5.806006908416748|1.0280176401138306
Quad(w).013(Wall)
0.3739061951637268|0.3457489609718323|0.3066030740737915
3.4258370399475098|-1.1176929473876953|-4.715259075164795
15.000039691000755|144.00000400716507|1.449504463863936e-07
3.5224053859710693|6.273156642913818|1.0280177593231201
Quad(w).014(Wall)
0.3739061951637268|0.3457489609718323|0.3066030740737915
4.781403064727783|-0.8125720024108887|-3.473891496658325
15.00004310609534|126.00002399683694|359.9999999810161
3.5224051475524902|6.904930114746094|1.028017520904541
Quad(w).015(Wall)
0.3739061951637268|0.3457489609718323|0.3066030740737915
5.551333427429199|-1.0854623317718506|-1.8037370443344116
15.00004310609534|108.00001666575214|359.9999997083956
3.5224053859710693|6.33989143371582|1.0280177593231201
Quad(w).016(Wall)
0.3739061951637268|0.3457489609718323|0.3066030740737915
5.75929069519043|-1.375539779663086|5.960464477539062e-07
15.000044813642633|89.999995674289|359.9999993473611
3.5224053859710693|5.7392706871032715|1.0280176401138306
Quad(w).017(Wall)
0.3739061951637268|0.3457489609718323|0.3066030740737915
5.5960235595703125|-0.9100925922393799|1.8182588815689087
15.000044813642633|72.00000200358254|359.9999975586229
3.5224053859710693|6.703003406524658|1.028017520904541
Quad(w).018(Wall)
0.3739061951637268|0.3457489609718323|0.3066030740737915
4.813533782958984|-0.6643462181091309|3.497237205505371
15.000044813642633|53.999991257403146|9.189640252246168e-07
3.5224053859710693|7.211836338043213|1.028017282485962
Quad(w).019(Wall)
0.3739061951637268|0.3457489609718323|0.3066030740737915
3.4156835079193115|-1.182154655456543|4.7012858390808105
15.000044813642633|35.99997709612917|6.814381660579252e-07
3.522404909133911|6.139684677124023|1.0280176401138306
Quad(w).020(Wall)
0.3739061951637268|0.3457489609718323|0.3066030740737915
1.7867326736450195|-1.290825605392456|5.49899959564209
15.000044813642633|17.999959519760612|359.9999997679643
3.5224051475524902|5.914681434631348|1.0280178785324097
Quad(w).005(Wall)
0.3739061951637268|0.3457489609718323|0.3066030740737915
-5.531774520874023|-1.162214756011963|1.79738187789917
15.000044813642633|287.99999799641745|5.083518205150567e-07
3.5224053859710693|6.180972099304199|1.028017520904541
Quad(w).011(Wall)
0.3739061951637268|0.3457489609718323|0.3066030740737915
5.14139117058221e-07|-0.9210719466209412|-5.881065845489502
15.000044813642633|179.99997768819966|359.9999999999999
3.5224053859710693|6.680270195007324|1.0280177593231201
Quad(w).021(Wall)
0.4580000042915344|0.4235099256038666|0.3755599856376648
1.0419505258596473e-09|5.531517505645752|7.610036849975586
15.000044813642633|0.0|0.0
3.5224053859710693|6.680270195007324|1.0280177593231201
Quad(w).022(Wall)
0.4580000042915344|0.4235099256038666|0.3755599856376648
-2.2080535888671875|3.7975146770477295|6.795689582824707
15.000044813642633|341.9999994991044|359.9999978753003
3.5224058628082275|5.105282306671143|1.0280177593231201
Quad(w).023(Wall)
0.4580000042915344|0.4235099256038666|0.3755599856376648
-4.277045726776123|4.286910057067871|5.886847972869873
15.000044813642633|323.99999899820875|4.513336303030665e-09
3.5224053859710693|6.252073764801025|1.0280176401138306
Quad(w).024(Wall)
0.4580000042915344|0.4235099256038666|0.3755599856376648
-6.091885089874268|5.232754230499268|4.426012992858887
15.000044813642633|306.00000874259683|359.999999081036
3.522404909133911|7.543137073516846|1.0280177593231201
Quad(w).025(Wall)
0.4580000042915344|0.4235099256038666|0.3755599856376648
-7.123820781707764|3.71693754196167|-3.688639367283031e-07
14.999998709865736|270.000004325711|3.297820778402672e-08
3.5224053859710693|5.605800628662109|1.0280176401138306
Quad(w).026(Wall)
0.4580000042915344|0.4235099256038666|0.3755599856376648
-7.066142559051514|4.8587965965271|-2.295929193496704
15.00004310609534|251.99999016443704|1.3546565065970762e-07
3.5224053859710693|6.215931415557861|1.0280176401138306
Quad(w).027(Wall)
0.4580000042915344|0.4235099256038666|0.3755599856376648
-6.089579105377197|5.222118377685547|-4.4243388175964355
15.00004310609534|234.00000332391974|359.99999980263914
3.5224053859710693|7.387643814086914|1.0280177593231201
Quad(w).028(Wall)
0.4580000042915344|0.4235099256038666|0.3755599856376648
-4.583225250244141|6.23094367980957|-6.308269500732422
15.000044813642633|216.00000965321328|8.954633392387195e-07
3.5224058628082275|8.141756057739258|1.0280177593231201
Quad(w).029(Wall)
0.4580000042915344|0.4235099256038666|0.3755599856376648
-2.396787166595459|6.076878547668457|-7.376553535461426
15.000044813642633|198.00001598250682|6.706877004012977e-09
3.5224058628082275|7.555813789367676|1.0280177593231201
Quad(w).031(Wall)
0.4580000042915344|0.4235099256038666|0.3755599856376648
2.256037712097168|4.377025604248047|-6.9433698654174805
15.000044813642633|162.00001133824986|4.776839135822155e-08
3.5224051475524902|6.038247108459473|1.028017520904541
Quad(w).032(Wall)
0.4580000042915344|0.4235099256038666|0.3755599856376648
4.389718532562256|5.002303600311279|-6.041928768157959
15.000039691000755|144.00000400716507|1.449504463863936e-07
3.5224053859710693|6.398619651794434|1.0280177593231201
Quad(w).033(Wall)
0.4580000042915344|0.4235099256038666|0.3755599856376648
6.191078186035156|5.690335750579834|-4.498081207275391
15.00004310609534|126.00002399683694|359.9999999810161
3.522404909133911|6.559683322906494|1.028017520904541
Quad(w).034(Wall)
0.4580000042915344|0.4235099256038666|0.3755599856376648
7.408421993255615|6.201934337615967|-2.407141923904419
15.00004310609534|108.00001666575214|359.9999997083956
3.522404432296753|8.749048233032227|1.028017520904541
Quad(w).035(Wall)
0.4580000042915344|0.4235099256038666|0.3755599856376648
7.311572551727295|4.417635440826416|6.135152830211155e-07
15.000044813642633|89.999995674289|359.9999993473611
3.5224053859710693|6.255804061889648|1.0280176401138306
Quad(w).036(Wall)
0.4580000042915344|0.4235099256038666|0.3755599856376648
7.212984085083008|5.4350175857543945|2.343641519546509
15.000044813642633|72.00000200358254|359.9999975586229
3.5224053859710693|6.434882640838623|1.0280174016952515
Quad(w).037(Wall)
0.4580000042915344|0.4235099256038666|0.3755599856376648
6.414222717285156|6.719717025756836|4.660205841064453
15.000044813642633|53.999991257403146|9.189640252246168e-07
3.5224058628082275|8.07725715637207|1.028017282485962
Quad(w).038(Wall)
0.4580000042915344|0.4235099256038666|0.3755599856376648
4.363726615905762|4.837281227111816|6.006155967712402
15.000044813642633|35.99997709612917|6.814381660579252e-07
3.522404432296753|6.3238749504089355|1.028017520904541
Quad(w).039(Wall)
0.4580000042915344|0.4235099256038666|0.3755599856376648
2.255056142807007|4.365185260772705|6.940352916717529
15.000044813642633|17.999959519760612|359.9999997679643
3.522404909133911|5.796388149261475|1.0280178785324097
Quad(w).040(Wall)
0.4580000042915344|0.4235099256038666|0.3755599856376648
-7.159737586975098|5.226070404052734|2.3263392448425293
15.000044813642633|287.99999799641745|5.083518205150567e-07
3.5224058628082275|7.046309471130371|1.0280174016952515
Quad(w).030(Wall)
0.4580000042915344|0.4235099256038666|0.3755599856376648
6.642486027885752e-07|5.531517505645752|-7.610036849975586
15.000044813642633|179.99997768819966|359.9999999999999
3.5224053859710693|6.680270195007324|1.0280177593231201
Quad(w).042(Wall)
0.541949987411499|0.5011379718780518|0.44439899921417236
-2.7826361656188965|10.73682975769043|8.56407356262207
15.000044813642633|341.9999994991044|359.9999978753003
3.5224053859710693|9.262938499450684|1.0280177593231201
Quad(w).043(Wall)
0.541949987411499|0.5011379718780518|0.44439899921417236
-5.375043869018555|11.258456230163574|7.398112773895264
15.000044813642633|323.99999899820875|4.513336303030665e-09
3.5224053859710693|8.182883262634277|1.0280176401138306
Quad(w).044(Wall)
0.541949987411499|0.5011379718780518|0.44439899921417236
-7.568214416503906|12.043146133422852|5.498629570007324
15.000044813642633|306.00000874259683|359.999999081036
3.5224053859710693|6.558140277862549|1.0280177593231201
Quad(w).045(Wall)
0.541949987411499|0.5011379718780518|0.44439899921417236
-8.865544319152832|11.919830322265625|2.8805902004241943
15.000044813642633|287.99999799641745|5.083518205150567e-07
3.5224053859710693|6.813473224639893|1.0280177593231201
Quad(w).046(Wall)
0.541949987411499|0.5011379718780518|0.44439899921417236
-9.026391983032227|10.817407608032227|3.5762786865234375e-07
15.000044813642633|270.000004325711|3.2980214714030726e-08
3.5224053859710693|9.096097946166992|1.0280178785324097
Quad(w).047(Wall)
0.541949987411499|0.5011379718780518|0.44439899921417236
-8.767647743225098|11.535672187805176|-2.8487813472747803
15.00004310609534|251.99999016443704|1.3546565065970762e-07
3.5224058628082275|7.608893394470215|1.0280177593231201
Quad(w).048(Wall)
0.541949987411499|0.5011379718780518|0.44439899921417236
-7.55892276763916|12.000280380249023|-5.491878509521484
15.00004310609534|234.00000332391974|359.99999980263914
3.5224053859710693|6.646896839141846|1.0280176401138306
Quad(w).049(Wall)
0.541949987411499|0.5011379718780518|0.44439899921417236
-5.600003719329834|12.686796188354492|-7.707743167877197
15.000044813642633|216.00000965321328|8.954633392387195e-07
3.5224058628082275|5.225428581237793|1.0280177593231201
Quad(w).050(Wall)
0.541949987411499|0.5011379718780518|0.44439899921417236
-2.926002025604248|12.468270301818848|-9.005306243896484
15.000044813642633|198.00001598250682|6.706877004012977e-09
3.5224053859710693|5.677899360656738|1.0280177593231201
Quad(w).052(Wall)
0.541949987411499|0.5011379718780518|0.44439899921417236
2.8252828121185303|11.25187873840332|-8.695327758789062
15.000044813642633|162.00001133824986|4.776839135822155e-08
3.5224053859710693|8.196501731872559|1.0280177593231201
Quad(w).041(Wall)
0.541949987411499|0.5011379718780518|0.44439899921417236
0.0|11.984162330627441|9.339022636413574
15.000044813642633|0.0|0.0
3.5224053859710693|6.680270195007324|1.0280177593231201
Quad(w).053(Wall)
0.541949987411499|0.5011379718780518|0.44439899921417236
5.436953544616699|11.651541709899902|-7.483325958251953
15.000039691000755|144.00000400716507|1.449504463863936e-07
3.5224053859710693|7.3689775466918945|1.0280176401138306
Quad(w).054(Wall)
0.541949987411499|0.5011379718780518|0.44439899921417236
7.566330432891846|12.034451484680176|-5.497262477874756
15.00004310609534|126.00002399683694|359.9999999810161
3.5224053859710693|6.576141834259033|1.0280177593231201
Quad(w).055(Wall)
0.541949987411499|0.5011379718780518|0.44439899921417236
9.094671249389648|12.818942070007324|-2.9550392627716064
15.00004310609534|108.00001666575214|359.9999997083956
3.5224051475524902|4.9518141746521|1.0280176401138306
Quad(w).056(Wall)
0.541949987411499|0.5011379718780518|0.44439899921417236
9.162327766418457|11.324719429016113|-1.1920928955078125e-06
15.000044813642633|89.999995674289|359.9999993473611
3.5224053859710693|8.04568099975586|1.0280177593231201
Quad(w).057(Wall)
0.541949987411499|0.5011379718780518|0.44439899921417236
8.854543685913086|11.876655578613281|2.877014636993408
15.000044813642633|72.00000200358254|359.9999975586229
3.5224053859710693|6.90286922454834|1.0280176401138306
Quad(w).058(Wall)
0.541949987411499|0.5011379718780518|0.44439899921417236
7.757346153259277|12.915607452392578|5.636040210723877
15.000044813642633|53.999991257403146|9.189640252246168e-07
3.5224058628082275|4.751662731170654|1.0280177593231201
Quad(w).059(Wall)
0.541949987411499|0.5011379718780518|0.44439899921417236
5.421117782592773|11.550980567932129|7.461525917053223
15.000044813642633|35.99997709612917|6.814381660579252e-07
3.5224051475524902|7.577195167541504|1.0280176401138306
Quad(w).060(Wall)
0.541949987411499|0.5011379718780518|0.44439899921417236
2.8199591636657715|11.187553405761719|8.678936004638672
15.000044813642633|17.999959519760612|359.9999997679643
3.5224053859710693|8.329690933227539|1.0280177593231201
Quad(w).051(Wall)
0.541949987411499|0.5011379718780518|0.44439899921417236
8.164432756530005e-07|11.984162330627441|-9.339022636413574
15.000044813642633|179.99997768819966|359.9999999999999
3.5224053859710693|6.680270195007324|1.0280177593231201
