48
Cylinder Platform 1.003
0.23212090134620667|0.20309971272945404|0.10580434650182724
0.012235641479492188|-8.37710952758789|2.690380824788008e-07
0.0|180.00002231180034|0.0
15.555956840515137|7.609504222869873|17.110145568847656
Cylinder.001
0.6280103921890259|0.05981413275003433|0.0643000453710556
-2.5705159714561887e-05|-9.607451438903809|-1.1568561603780836e-05
0.0|0.0|0.0
924.1585083007812|0.6313134431838989|924.1585083007812
Cylinder Platform 1.007
0.23212090134620667|0.20309971272945404|0.10580434650182724
-22.409189224243164|-11.810013771057129|-22.75857925415039
0.0|180.4186036248954|0.0
6.192916393280029|12.600621223449707|6.192916393280029
Cylinder Platform 1.006
0.23212090134620667|0.20309971272945404|0.10580434650182724
22.409196853637695|-11.810013771057129|22.758573532104492
0.0|0.41861866569208495|0.0
6.192916393280029|12.600621223449707|6.192916393280029
Cylinder Platform 1.008
0.23212090134620667|0.20309971272945404|0.10580434650182724
22.758569717407227|-11.810013771057129|-22.40920066833496
0.0|90.41862479870825|0.0
6.192916393280029|12.600621223449707|6.192916393280029
Cylinder Platform 1.009
0.23212090134620667|0.20309971272945404|0.10580434650182724
-22.758575439453125|-11.810013771057129|22.40919303894043
0.0|270.4186061293736|0.0
6.192916393280029|12.600621223449707|6.192916393280029
Cylinder Platform 1.010
0.23212090134620667|0.20309971272945404|0.10580434650182724
-40.082088470458984|13.841946601867676|153.85020446777344
348.5533397577153|311.32247121936973|357.13990908458914
12.121794700622559|136.83473205566406|12.121792793273926
Cylinder Platform 1.011
0.23212090134620667|0.20309971272945404|0.10580434650182724
29.578344345092773|23.896221160888672|-77.9598388671875
346.858079975529|245.82883228706046|349.8816450654218
12.121792793273926|39.06705093383789|12.121792793273926
Cylinder Platform 1.012
0.23212090134620667|0.20309971272945404|0.10580434650182724
106.16224670410156|14.738054275512695|-2.4309980869293213
342.84824069212823|190.2267825937904|351.74978291191667
12.121792793273926|39.06705093383789|12.121792793273926
Cylinder Platform 1.013
0.23212090134620667|0.20309971272945404|0.10580434650182724
-100.08583068847656|8.862252235412598|20.726985931396484
347.6870702803772|155.31467682015474|2.6189162954875025
12.121792793273926|39.06705093383789|12.121792793273926
Cylinder Platform 1.014
0.23212090134620667|0.20309971272945404|0.10580434650182724
-161.08348083496094|12.609969139099121|-49.77128219604492
355.36087020204343|243.92592109372742|13.274439354747578
5.206692218780518|41.13473129272461|5.206692695617676
Cylinder Platform 1.015
0.23212090134620667|0.20309971272945404|0.10580434650182724
79.401611328125|10.541038513183594|128.28179931640625
355.26561168812333|358.358751219336|7.440963468615509
5.206692218780518|41.13473129272461|5.206692695617676
Cylinder Platform 1.016
0.23212090134620667|0.20309971272945404|0.10580434650182724
110.92815399169922|-15.669652938842773|-26.113828659057617
355.3608693482698|356.5655441765742|13.274444477389455
5.206692218780518|41.13473129272461|5.206692695617676
Cylinder Platform 1.017
0.23212090134620667|0.20309971272945404|0.10580434650182724
-56.659515380859375|7.467494010925293|105.0616455078125
355.4722244836294|1.0970531383781064|358.5165957171162
5.206692218780518|41.13473129272461|5.206692695617676
Cylinder Platform 1.018
0.23212090134620667|0.20309971272945404|0.10580434650182724
98.79244995117188|-11.26002025604248|124.6485366821289
355.8839871334987|3.0382523444858505|352.0813604215905
5.206692218780518|41.13473129272461|5.206692695617676
Cylinder Platform 1.019
0.23212090134620667|0.20309971272945404|0.10580434650182724
-152.73281860351562|-12.195879936218262|53.60148620605469
0.0|270.4186061293736|0.0
19.86949348449707|58.044803619384766|19.86949348449707
Cylinder Platform 1.020
0.23212090134620667|0.20309971272945404|0.10580434650182724
124.19112396240234|-47.60758590698242|46.805809020996094
0.0|270.4186061293736|0.0
19.86949348449707|58.044803619384766|19.86949348449707
Cylinder Platform 1.021
0.23212090134620667|0.20309971272945404|0.10580434650182724
95.97013092041016|-18.57857322692871|178.54306030273438
0.0|270.4186061293736|0.0
19.86949348449707|58.044803619384766|19.86949348449707
Cylinder Platform 1.022
0.23212090134620667|0.20309971272945404|0.10580434650182724
-24.880863189697266|-17.614952087402344|-147.77386474609375
0.0|270.4186061293736|0.0
19.86949348449707|58.044803619384766|19.86949348449707
Cylinder Platform 1.023
0.23212090134620667|0.20309971272945404|0.10580434650182724
62.75956344604492|13.841950416564941|-107.1186294555664
348.5533397577153|129.09613508722538|357.13990972491933
12.121792793273926|39.06705093383789|12.121792793273926
Cylinder Platform 1.024
0.23212090134620667|0.20309971272945404|0.10580434650182724
-2.9885904788970947|10.068737983703613|66.71784210205078
346.85807570666077|63.60248932472695|349.8816450654218
12.121792793273926|39.06705093383789|12.121792793273926
Cylinder Platform 1.025
0.23212090134620667|0.20309971272945404|0.10580434650182724
-78.3458251953125|14.738054275512695|-15.434181213378906
342.84823556948635|8.000433655041363|351.74978035059576
12.121792793273926|39.06705093383789|12.121792793273926
Cylinder Platform 1.026
0.23212090134620667|0.20309971272945404|0.10580434650182724
129.20249938964844|18.61426544189453|-32.66720199584961
347.68706942660356|333.088320424814|2.6189154417138565
12.121792793273926|39.06705093383789|12.121792793273926
Cylinder Platform 1.027
0.23212090134620667|0.20309971272945404|0.10580434650182724
105.79824829101562|12.609969139099121|41.56864547729492
355.36087020204343|61.69957813139389|13.274445331163102
5.206692218780518|41.13473129272461|5.206692695617676
Cylinder Platform 1.028
0.23212090134620667|0.20309971272945404|0.10580434650182724
-70.20044708251953|10.541037559509277|-98.33424377441406
355.265612541897|176.13241039143662|7.440961761068216
5.206692218780518|69.01240539550781|5.206692695617676
Cylinder Platform 1.029
0.23212090134620667|0.20309971272945404|0.10580434650182724
-84.02812957763672|-15.669652938842773|8.045631408691406
355.36087105581703|174.33919886636312|13.274441062294871
5.206692218780518|41.13473129272461|5.206692695617676
Cylinder Platform 1.030
0.23212090134620667|0.20309971272945404|0.10580434650182724
88.52888488769531|7.467490196228027|-116.52049255371094
355.4722249105162|178.87070153158643|358.516595823838
5.206691741943359|86.1793212890625|5.206692695617676
Cylinder Platform 1.031
0.23212090134620667|0.20309971272945404|0.10580434650182724
-79.35858154296875|-11.26002025604248|-98.93233489990234
355.88398798727235|180.81191323806144|352.0813587140432
5.206692218780518|41.13473129272461|5.206692695617676
Cylinder Platform 1.032
0.23212090134620667|0.20309971272945404|0.10580434650182724
182.5305633544922|-12.19587516784668|-61.36700439453125
0.0|88.19226316704007|0.0
19.869491577148438|99.8055419921875|19.869491577148438
Cylinder Platform 1.033
0.23212090134620667|0.20309971272945404|0.10580434650182724
-96.56206512451172|-47.60758590698242|-147.76962280273438
0.0|88.19226316704007|0.0
19.86949348449707|58.044803619384766|19.86949348449707
Cylinder Platform 1.034
0.23212090134620667|0.20309971272945404|0.10580434650182724
-168.22653198242188|-18.57857322692871|-72.5748291015625
0.0|88.19226316704007|0.0
19.86949348449707|58.044803619384766|19.86949348449707
Cylinder Platform 1.035
0.23212090134620667|0.20309971272945404|0.10580434650182724
46.95223617553711|-36.74124526977539|134.88958740234375
0.0|88.19226316704007|0.0
19.86949348449707|58.044803619384766|19.86949348449707
Cylinder Platform 1.036
0.23212090134620667|0.20309971272945404|0.10580434650182724
-8.429207801818848|-6.88209342956543|10.480051040649414
0.0|220.4032277054454|0.0
18.867273330688477|4.540493011474609|11.411980628967285
Cylinder Platform 1.037
0.23212090134620667|0.20309971272945404|0.10580434650182724
8.429204940795898|-6.88209342956543|-10.48005485534668
0.0|40.40325662006382|0.0
18.867273330688477|4.540493011474609|11.411978721618652
Cylinder Platform 1.038
0.23212090134620667|0.20309971272945404|0.10580434650182724
8.595890045166016|-6.88209342956543|10.327495574951172
0.0|137.8906866625338|0.0
18.867273330688477|4.540493011474609|11.411979675292969
Cylinder Platform 1.039
0.23212090134620667|0.20309971272945404|0.10580434650182724
-8.595893859863281|-6.88209342956543|-10.327492713928223
0.0|317.890702144145|0.0
18.867273330688477|4.540493011474609|11.411980628967285
Cylinder Platform 1.040
0.23212090134620667|0.20309971272945404|0.10580434650182724
-13.562155723571777|-6.910361289978027|4.500277100305539e-06
0.0|180.00002231180034|0.0
8.010416030883789|3.3281192779541016|10.499958038330078
Cylinder Platform 1.041
0.23212090134620667|0.20309971272945404|0.10580434650182724
13.562155723571777|-6.910361289978027|-8.919387255446054e-06
0.0|3.733867057044566e-05|0.0
8.010416030883789|3.3281192779541016|10.499958038330078
Cylinder Platform 1.042
0.23212090134620667|0.20309971272945404|0.10580434650182724
7.869509317970369e-06|-8.38188362121582|18.32640838623047
0.0|3.733867057044566e-05|0.0
9.056751251220703|4.923375129699707|12.374307632446289
Cylinder Platform 1.043
0.23212090134620667|0.20309971272945404|0.10580434650182724
-1.3754791325482074e-05|-8.381887435913086|-18.32640838623047
0.0|180.00004963255702|0.0
9.056751251220703|4.923375129699707|12.374307632446289
Cylinder Platform 1.044
0.23212090134620667|0.20309971272945404|0.10580434650182724
-160.9434814453125|13.841950416564941|-135.30169677734375
348.55334317280995|149.64093429927354|357.1399088711457
12.121792793273926|39.06705093383789|12.121792793273926
Cylinder Platform 1.045
0.23212090134620667|0.20309971272945404|0.10580434650182724
-183.18040466308594|-47.60758590698242|176.27174377441406
0.0|270.4186061293736|0.0
19.86949348449707|58.044803619384766|19.86949348449707
Cylinder Platform 1.046
0.23212090134620667|0.20309971272945404|0.10580434650182724
-75.132080078125|8.862252235412598|194.8161163330078
347.68706942660356|119.83476740290327|2.6189152282704447
12.121792793273926|39.06705093383789|12.121792793273926
Cylinder Platform 1.047
0.23212090134620667|0.20309971272945404|0.10580434650182724
40.277557373046875|8.862252235412598|-237.65296936035156
347.68706942660356|119.83476740290327|2.6189152282704447
12.121792793273926|39.06705093383789|12.121792793273926
Cylinder Platform 1.048
0.23212090134620667|0.20309971272945404|0.10580434650182724
-86.91067504882812|7.467490196228027|-190.9237823486328
355.4722249105162|178.87070153158643|358.516595823838
5.206691741943359|86.1793212890625|5.206692695617676
Cylinder Platform 1.049
0.23212090134620667|0.20309971272945404|0.10580434650182724
190.6337890625|10.541037559509277|144.7446746826172
355.265612541897|176.13241039143662|7.440961761068216
5.206692218780518|69.01240539550781|5.206692695617676
Cylinder Platform 1.050
0.23212090134620667|0.20309971272945404|0.10580434650182724
196.988037109375|7.467494010925293|90.68828582763672
355.4722244836294|1.0970531383781064|358.5165957171162
5.206692218780518|41.13473129272461|5.206692695617676
Cylinder Platform 1.051
0.23212090134620667|0.20309971272945404|0.10580434650182724
222.39068603515625|-18.57857322692871|121.46556091308594
0.0|88.19226316704007|0.0
19.86949348449707|58.044803619384766|19.86949348449707
