106
Cylinder .RingTop(v)(Visual)
0.6152346134185791|0.43470072746276855|0.35065871477127075
0.0|-0.03999999910593033|0.0
0.0|0.0|0.0
25.399999618530273|0.05000000074505806|25.399999618530273
Cylinder .RingMiddle
0.8999994993209839|0.7150763869285583|0.604035496711731
0.0|-2.0250000953674316|0.0
0.0|0.0|0.0
25.999998092651367|1.924999713897705|25.999998092651367
Cylinder .RingLine(v)(Visual)
0.45641028881073|0.3169857859611511|0.2520809471607208
0.0|-4.000000953674316|0.0
0.0|0.0|0.0
25.999998092651367|0.05000000074505806|25.999998092651367
Cylinder .Ring
0.45641028881073|0.3169857859611511|0.2520809471607208
0.0|-0.05000000074505806|0.0
0.0|0.0|0.0
26.0|0.05000000074505806|26.0
Cylinder.GBR.SteelDot(v)(Visual)
0.308912068605423|0.30576419830322266|0.4300421476364136
-38.28000259399414|4.060276985168457|-6.977176189422607
0.0|0.0|270.000004325711
0.800000011920929|0.04000000283122063|0.800000011920929
Cylinder.GBR.SteelDot(v).001(Visual)
0.308912068605423|0.30576419830322266|0.4300421476364136
-38.28000259399414|6.192026138305664|-6.787194728851318
0.0|0.0|270.000004325711
0.800000011920929|0.04000000283122063|0.800000011920929
Cylinder.GBR.SteelDot(v).002(Visual)
0.308912068605423|0.30576419830322266|0.4300421476364136
-38.28000259399414|4.52732515335083|-4.6347527503967285
0.0|0.0|270.000004325711
1.040000081062317|0.04000000283122063|1.040000081062317
Cylinder.GBR.SteelDot(v).003(Visual)
0.308912068605423|0.30576419830322266|0.4300421476364136
-38.28000259399414|4.060276985168457|6.977176189422607
0.0|0.0|270.000004325711
0.800000011920929|0.04000000283122063|0.800000011920929
Cylinder.GBR.SteelDot(v).004(Visual)
0.308912068605423|0.30576419830322266|0.4300421476364136
-38.28000259399414|6.192026138305664|6.787191867828369
0.0|0.0|270.000004325711
0.800000011920929|0.04000000283122063|0.800000011920929
Cylinder.GBR.SteelDot(v).005(Visual)
0.308912068605423|0.30576419830322266|0.4300421476364136
-38.28000259399414|4.52732515335083|4.634751796722412
0.0|0.0|270.000004325711
1.040000081062317|0.04000000283122063|1.040000081062317
Cylinder.GBR.SteelFace(v)(Visual)
0.49441346526145935|0.49168774485588074|0.5883647203445435
-38.440006256103516|15.773401260375977|0.0
0.0|0.0|270.000004325711
23.96034049987793|0.04000000283122063|23.96034049987793
Quad.GBR.SteelFace(v)(Visual)
0.49441346526145935|0.49168774485588074|0.5883647203445435
-38.40000534057617|26.816165924072266|4.59849739074707
359.9999994777125|269.9999838351435|337.00000220587884
10.883699417114258|1.9350000619888306|0.800000011920929
Quad.GBR.SteelFace(v).001(Visual)
0.49441346526145935|0.49168774485588074|0.5883647203445435
-38.40000534057617|26.816165924072266|-4.59849739074707
5.222874844629828e-07|269.9999838351435|22.999997794121157
10.883699417114258|1.9350000619888306|0.800000011920929
Quad.GBR.SteelFace(v).002(Visual)
0.49441346526145935|0.49168774485588074|0.5883647203445435
-38.40000534057617|4.3853535652160645|5.290732383728027
2.584835262959153e-07|269.9999974955218|337.880002070996
5.485105037689209|4.64400053024292|0.800000011920929
Quad.GBR.SteelShoulder(v)(Visual)
0.49441346526145935|0.49168774485588074|0.5883647203445435
-38.08000564575195|-8.329435348510742|9.165000915527344
359.99999894876663|269.9999838351435|19.99999771063855
7.255800724029541|3.8700006008148193|0.800000011920929
Quad.GBR.SteelShoulder(v).001(Visual)
0.49441346526145935|0.49168774485588074|0.5883647203445435
-38.08000564575195|-8.329435348510742|-9.165000915527344
1.0512333710960783e-06|269.9999838351435|340.0000022893615
7.255800724029541|3.8700006008148193|0.800000011920929
Quad.GBR.SteelFace(v).003(Visual)
0.49441346526145935|0.49168774485588074|0.5883647203445435
-38.40000534057617|8.687433242797852|8.889657020568848
2.584835262959153e-07|269.9999974955218|337.880002070996
2.0569140911102295|6.037200450897217|0.800000011920929
Quad.GBR.SteelFace(v).004(Visual)
0.49441346526145935|0.49168774485588074|0.5883647203445435
-38.40000534057617|4.3853535652160645|-5.290733337402344
2.1115019601535086e-06|269.9999974955218|22.119997929004004
5.485105037689209|4.64400053024292|0.800000011920929
Quad.GBR.SteelFace(v).005(Visual)
0.49441346526145935|0.49168774485588074|0.5883647203445435
-38.40000534057617|8.687433242797852|-8.889659881591797
2.1115019601535086e-06|269.9999974955218|22.119997929004004
2.0569140911102295|6.037200450897217|0.800000011920929
Cylinder.MW.Light(v)(Visual)
1.0|0.8752898573875427|0.8004257082939148
4.759999752044678|26.59999656677246|-44.08000183105469
270.000004325711|0.0|0.0
2.0|0.08000000566244125|2.0
Cylinder.MW.Light(v).001(Visual)
1.0|0.8752898573875427|0.8004257082939148
8.880000114440918|26.59999656677246|-44.08000183105469
270.000004325711|0.0|0.0
2.0|0.08000000566244125|2.0
Cylinder.MW.Light(v).002(Visual)
1.0|0.8752898573875427|0.8004257082939148
13.0|26.59999656677246|-44.08000183105469
270.000004325711|0.0|0.0
2.0|0.08000000566244125|2.0
Cylinder.MW.Light(v).003(Visual)
1.0|0.8752898573875427|0.8004257082939148
17.1200008392334|26.59999656677246|-44.08000183105469
270.000004325711|0.0|0.0
2.0|0.08000000566244125|2.0
Cylinder.MW.Light(v).004(Visual)
1.0|0.8752898573875427|0.8004257082939148
21.239999771118164|26.59999656677246|-44.08000183105469
270.000004325711|0.0|0.0
2.0|0.08000000566244125|2.0
Cylinder.MW.Light(v).005(Visual)
1.0|0.8752898573875427|0.8004257082939148
6.820000648498535|23.55999755859375|-44.08000183105469
270.000004325711|0.0|0.0
2.0|0.08000000566244125|2.0
Cylinder.MW.Light(v).006(Visual)
1.0|0.8752898573875427|0.8004257082939148
10.940001487731934|23.55999755859375|-44.08000183105469
270.000004325711|0.0|0.0
2.0|0.08000000566244125|2.0
Cylinder.MW.Light(v).007(Visual)
1.0|0.8752898573875427|0.8004257082939148
15.059999465942383|23.55999755859375|-44.08000183105469
270.000004325711|0.0|0.0
2.0|0.08000000566244125|2.0
Cylinder.MW.Light(v).008(Visual)
1.0|0.8752898573875427|0.8004257082939148
19.17999839782715|23.55999755859375|-44.08000183105469
270.000004325711|0.0|0.0
2.0|0.08000000566244125|2.0
Cylinder.MW.Light(v).009(Visual)
1.0|0.8752898573875427|0.8004257082939148
4.759999752044678|20.51999855041504|-44.08000183105469
270.000004325711|0.0|0.0
2.0|0.08000000566244125|2.0
Cylinder.MW.Light(v).010(Visual)
1.0|0.8752898573875427|0.8004257082939148
8.880000114440918|20.51999855041504|-44.08000183105469
270.000004325711|0.0|0.0
2.0|0.08000000566244125|2.0
Cylinder.MW.Light(v).011(Visual)
1.0|0.8752898573875427|0.8004257082939148
13.0|20.51999855041504|-44.08000183105469
270.000004325711|0.0|0.0
2.0|0.08000000566244125|2.0
Cylinder.MW.Light(v).012(Visual)
1.0|0.8752898573875427|0.8004257082939148
17.1200008392334|20.51999855041504|-44.08000183105469
270.000004325711|0.0|0.0
2.0|0.08000000566244125|2.0
Cylinder.MW.Light(v).013(Visual)
1.0|0.8752898573875427|0.8004257082939148
21.239999771118164|20.51999855041504|-44.08000183105469
270.000004325711|0.0|0.0
2.0|0.08000000566244125|2.0
Cylinder.MW.Light(v).014(Visual)
1.0|0.8752898573875427|0.8004257082939148
6.820000648498535|17.479997634887695|-44.08000183105469
270.000004325711|0.0|0.0
2.0|0.08000000566244125|2.0
Cylinder.MW.Light(v).015(Visual)
1.0|0.8752898573875427|0.8004257082939148
10.940001487731934|17.479997634887695|-44.08000183105469
270.000004325711|0.0|0.0
2.0|0.08000000566244125|2.0
Cylinder.MW.Light(v).016(Visual)
1.0|0.8752898573875427|0.8004257082939148
15.0600004196167|17.479997634887695|-44.08000183105469
270.000004325711|0.0|0.0
2.0|0.08000000566244125|2.0
Cylinder.MW.Light(v).017(Visual)
1.0|0.8752898573875427|0.8004257082939148
19.180002212524414|17.479997634887695|-44.08000183105469
270.000004325711|0.0|0.0
2.0|0.08000000566244125|2.0
Cylinder.MW.Light(v).018(Visual)
1.0|0.8752898573875427|0.8004257082939148
4.759999752044678|14.439996719360352|-44.08000183105469
270.000004325711|0.0|0.0
2.0|0.08000000566244125|2.0
Cylinder.MW.Light(v).019(Visual)
1.0|0.8752898573875427|0.8004257082939148
8.880000114440918|14.439996719360352|-44.08000183105469
270.000004325711|0.0|0.0
2.0|0.08000000566244125|2.0
Cylinder.MW.Light(v).020(Visual)
1.0|0.8752898573875427|0.8004257082939148
13.0|14.439996719360352|-44.08000183105469
270.000004325711|0.0|0.0
2.0|0.08000000566244125|2.0
Cylinder.MW.Light(v).021(Visual)
1.0|0.8752898573875427|0.8004257082939148
17.1200008392334|14.439996719360352|-44.08000183105469
270.000004325711|0.0|0.0
2.0|0.08000000566244125|2.0
Cylinder.MW.Light(v).022(Visual)
1.0|0.8752898573875427|0.8004257082939148
21.239999771118164|14.439996719360352|-44.08000183105469
270.000004325711|0.0|0.0
2.0|0.08000000566244125|2.0
Quad.GBR.BlackFinger(v)(Visual)
0.039129097014665604|0.04339981451630592|0.08725018799304962
-37.92000198364258|25.467601776123047|12.67979907989502
5.947195030013866e-07|269.9999974955218|340.2000004735432
15.948598861694336|4.7511677742004395|4.751168251037598
Quad.GBR.BlackFinger(v).001(Visual)
0.039129097014665604|0.04339981451630592|0.08725018799304962
-37.92000198364258|27.462865829467773|6.174180507659912
359.9999998776867|269.9999974955218|342.8699999672766
4.289400577545166|2.0627994537353516|0.800000011920929
Quad.GBR.BlackFinger(v).002(Visual)
0.039129097014665604|0.04339981451630592|0.08725018799304962
-37.92000198364258|25.467601776123047|-12.679758071899414
359.9999994052805|269.9999974955218|19.799999526456823
15.948598861694336|4.7511677742004395|4.751168251037598
Quad.GBR.BlackFinger(v).003(Visual)
0.039129097014665604|0.04339981451630592|0.08725018799304962
-37.92000198364258|27.462865829467773|-6.1741766929626465
1.2231329371873244e-07|269.9999974955218|17.13000003272338
4.289400577545166|2.0627994537353516|0.800000011920929
Quad.GBR.BlackNeck(v)(Visual)
0.039129097014665604|0.04339981451630592|0.08725018799304962
-38.2400016784668|-4.399451732635498|0.0
0.0|269.9999906653327|0.0
10.933680534362793|8.61544132232666|0.800000011920929
Quad.GBR.BlackPalm(v)(Visual)
0.039129097014665604|0.04339981451630592|0.08725018799304962
-38.2400016784668|15.078542709350586|15.766799926757812
0.0|269.9999906653327|0.0
9.929360389709473|19.13823890686035|0.800000011920929
Quad.GBR.BlackPalm(v).001(Visual)
0.039129097014665604|0.04339981451630592|0.08725018799304962
-38.2400016784668|3.8998830318450928|16.762432098388672
359.999997341358|269.9999974955218|293.19999859646657
7.654799938201904|9.929361343383789|0.800000011920929
Quad.GBR.BlackPalm(v).002(Visual)
0.039129097014665604|0.04339981451630592|0.08725018799304962
-38.2400016784668|3.8998687267303467|-16.762399673461914
2.6586420444530727e-06|269.9999974955218|66.8000014035334
7.654799938201904|9.929361343383789|0.800000011920929
Quad.GBR.BlackPalm(v).003(Visual)
0.039129097014665604|0.04339981451630592|0.08725018799304962
-38.2400016784668|15.078542709350586|-15.766799926757812
0.0|269.9999906653327|0.0
9.929360389709473|19.13823890686035|0.800000011920929
Quad.GBR.Bone(v)(Visual)
0.3128724694252014|0.8058815598487854|0.7812721729278564
-37.76000213623047|9.781600952148438|17.01000213623047
359.99999972072226|269.9999974955218|353.3699998325789
3.2618343830108643|5.3283843994140625|0.800000011920929
Quad.GBR.Bone(v).001(Visual)
0.3128724694252014|0.8058815598487854|0.7812721729278564
-37.7599983215332|23.843046188354492|16.12200164794922
2.1160528504583713e-06|269.9999974955218|51.97000097946741
2.0096402168273926|6.215400695800781|6.21539831161499
Quad.GBR.Bone(v).002(Visual)
0.3128724694252014|0.8058815598487854|0.7812721729278564
-37.76000213623047|26.766868591308594|11.280001640319824
6.267105397650447e-07|269.9999974955218|66.46000141683935
1.6930441856384277|2.8436477184295654|2.8436477184295654
Quad.GBR.Bone(v).003(Visual)
0.3128724694252014|0.8058815598487854|0.7812721729278564
-37.76000213623047|28.178808212280273|7.686001300811768
359.9999950292545|269.9999906653327|72.05999838525193
1.5448501110076904|2.8436481952667236|2.8436477184295654
Quad.GBR.Bone(v).004(Visual)
0.3128724694252014|0.8058815598487854|0.7812721729278564
-37.76000213623047|15.818785667419434|17.68800163269043
359.99999972072226|269.9999974955218|353.3699998325789
2.022792339324951|10.559679985046387|10.559679985046387
Quad.GBR.Bone(v).005(Visual)
0.3128724694252014|0.8058815598487854|0.7812721729278564
-37.76000213623047|9.781600952148438|-17.01000213623047
2.7927773835894927e-07|269.9999974955218|6.630000167421086
3.2618343830108643|5.3283843994140625|0.800000011920929
Quad.GBR.Bone(v).006(Visual)
0.3128724694252014|0.8058815598487854|0.7812721729278564
-37.76000213623047|15.818785667419434|-17.68800163269043
2.7927773835894927e-07|269.9999974955218|6.630000167421086
2.022792339324951|10.559679985046387|10.559679985046387
Quad.GBR.Bone(v).007(Visual)
0.3128724694252014|0.8058815598487854|0.7812721729278564
-37.7599983215332|23.843046188354492|-16.12200164794922
359.9999978839472|269.9999974955218|308.0299990205326
2.0096402168273926|6.215400695800781|6.21539831161499
Quad.GBR.Bone(v).008(Visual)
0.3128724694252014|0.8058815598487854|0.7812721729278564
-37.76000213623047|26.766868591308594|-11.280001640319824
359.9999993732895|269.9999974955218|293.53999858316064
1.6930441856384277|2.8436477184295654|2.8436477184295654
Quad.GBR.Bone(v).009(Visual)
0.3128724694252014|0.8058815598487854|0.7812721729278564
-37.76000213623047|28.178802490234375|-7.686001300811768
4.970745506809853e-06|269.9999906653327|287.9400016147481
1.5448501110076904|2.8436481952667236|2.8436477184295654
Quad.GBR.GoldHand(v)(Visual)
1.0|0.810335099697113|0.5900000333786011
-37.76000213623047|-5.724630355834961|18.84000015258789
0.0|269.9999974955218|29.699998435911585
9.054120063781738|15.008399963378906|0.800000011920929
Quad.GBR.GoldHand(v).001(Visual)
1.0|0.810335099697113|0.5900000333786011
-37.76000213623047|-3.0526316165924072|24.930002212524414
359.99999779522466|269.9999974955218|48.14999912008434
7.7625603675842285|17.96895980834961|0.800000011920929
Quad.GBR.GoldHand(v).002(Visual)
1.0|0.810335099697113|0.5900000333786011
-37.76000213623047|14.20397663116455|20.76000213623047
359.9999999990568|269.9999974955218|359.53000000897686
2.25040864944458|21.46048355102539|0.800000011920929
Quad.GBR.GoldHand(v).003(Visual)
1.0|0.810335099697113|0.5900000333786011
-37.76000213623047|-5.724630355834961|-18.84000015258789
0.0|269.9999974955218|330.3000015640884
9.054120063781738|15.008399963378906|0.800000011920929
Quad.GBR.GoldHand(v).004(Visual)
1.0|0.810335099697113|0.5900000333786011
-37.76000213623047|-3.0526316165924072|-24.930002212524414
2.2047753647419814e-06|269.9999974955218|311.8500008799157
7.7625603675842285|17.96895980834961|0.800000011920929
Quad.GBR.GoldHand(v).005(Visual)
1.0|0.810335099697113|0.5900000333786011
-37.76000213623047|14.20397663116455|-20.76000213623047
9.432109838387538e-10|269.9999974955218|0.46999999102312234
2.25040864944458|21.46048355102539|0.800000011920929
Quad.GBR.GoldHelmet(v)(Visual)
1.0|0.810335099697113|0.5900000333786011
-38.08000564575195|15.991571426391602|4.8956746212525104e-08
0.0|269.9999906653327|0.0
3.200000047683716|17.200000762939453|0.800000011920929
Quad.GBR.GoldHelmet(v).001(Visual)
1.0|0.810335099697113|0.5900000333786011
-38.08000564575195|17.491844177246094|4.248000144958496
1.1558721952277308e-06|269.99983357098176|84.99999667351618
3.200000762939453|7.200000762939453|0.800000011920929
Quad.GBR.GoldHelmet(v).002(Visual)
1.0|0.810335099697113|0.5900000333786011
-38.08000564575195|17.491844177246094|-4.248000144958496
359.9999988441278|269.99983357098176|275.0000033264838
3.200000762939453|7.200000762939453|0.800000011920929
Quad.GBR.GoldHelmet(v).003(Visual)
1.0|0.810335099697113|0.5900000333786011
-38.08000564575195|-0.324538916349411|4.31820011138916
0.0|270.000004325711|302.9799996199407
2.126999855041504|11.836797714233398|0.800000011920929
Quad.GBR.GoldHelmet(v).004(Visual)
1.0|0.810335099697113|0.5900000333786011
-38.08000564575195|-0.324538916349411|-4.31820011138916
0.0|270.000004325711|57.0200003800593
2.126999855041504|11.836797714233398|0.800000011920929
Quad.GBR.GoldHelmet(v).005(Visual)
1.0|0.810335099697113|0.5900000333786011
-38.08000564575195|1.7495440244674683|3.382183855898946e-13
359.9999981517641|269.9999974955218|314.9999987477609
7.200000762939453|7.200000762939453|0.800000011920929
Quad.GBR.GoldHelmet(v).006(Visual)
1.0|0.810335099697113|0.5900000333786011
-38.08000564575195|1.785061240196228|4.446000099182129
359.99999802454454|269.9999974955218|250.22000188559667
2.127000331878662|4.320000648498535|0.800000011920929
Quad.GBR.GoldHelmet(v).007(Visual)
1.0|0.810335099697113|0.5900000333786011
-38.08000564575195|1.785061240196228|-4.446000099182129
1.975455438431216e-06|269.9999974955218|109.77999811440331
2.127000331878662|4.320000648498535|0.800000011920929
Quad.GBR.GoldHelmet(v).008(Visual)
1.0|0.810335099697113|0.5900000333786011
-38.08000564575195|17.990507125854492|11.7839994430542
1.4481924214467386e-07|270.000004325711|10.839999425109538
0.9660962224006653|4.320000171661377|0.800000011920929
Quad.GBR.GoldHelmet(v).009(Visual)
1.0|0.810335099697113|0.5900000333786011
-38.08000564575195|22.719406127929688|9.954000473022461
3.4038058041088008e-06|269.9999974955218|40.00000225146627
2.7779998779296875|6.744000434875488|0.800000011920929
Quad.GBR.GoldHelmet(v).010(Visual)
1.0|0.810335099697113|0.5900000333786011
-38.08000564575195|18.201091766357422|12.423001289367676
5.4373096223647195e-08|269.9999838351435|356.84999871706015
1.2289201021194458|5.405641078948975|0.800000011920929
Quad.GBR.GoldHelmet(v).011(Visual)
1.0|0.810335099697113|0.5900000333786011
-38.08000564575195|17.990507125854492|-11.7839994430542
359.99999985518076|270.000004325711|349.1600005748905
0.9660962224006653|4.320000171661377|0.800000011920929
Quad.GBR.GoldHelmet(v).012(Visual)
1.0|0.810335099697113|0.5900000333786011
-38.08000564575195|18.201091766357422|-12.423042297363281
359.9999999456269|269.9999838351435|3.1500012829398405
1.2289201021194458|5.405641078948975|0.800000011920929
Quad.GBR.GoldHelmet(v).013(Visual)
1.0|0.810335099697113|0.5900000333786011
-38.08000564575195|22.71940803527832|-9.954001426696777
359.9999988653979|269.9999974955218|320.0000011636283
2.7780003547668457|6.744001388549805|0.800000011920929
Quad.GBR.Halo(v)(Visual)
0.13051965832710266|0.8297218084335327|0.9647057056427002
-38.2400016784668|26.789636611938477|27.822002410888672
0.0|270.000004325711|19.659999431491777
4.7064008712768555|13.998002052307129|0.800000011920929
Quad.GBR.Halo(v).001(Visual)
0.13051965832710266|0.8297218084335327|0.9647057056427002
-38.2400016784668|27.125640869140625|21.82001495361328
1.2460335415603604e-06|269.9999838351435|19.360003862766476
4.706789970397949|12.925041198730469|0.800000011920929
Quad.GBR.Halo(v).002(Visual)
0.13051965832710266|0.8297218084335327|0.9647057056427002
-38.2400016784668|16.336286544799805|23.776016235351562
6.79081553150023e-07|269.9999974955218|358.12200000067384
4.441979885101318|11.33703899383545|0.800000011920929
Quad.GBR.Halo(v).003(Visual)
0.13051965832710266|0.8297218084335327|0.9647057056427002
-38.2400016784668|15.6696138381958|29.495994567871094
1.5075202239198259e-06|269.9999974955218|354.47700103476143
4.7063984870910645|11.532000541687012|0.800000011920929
Quad.GBR.Halo(v).004(Visual)
0.13051965832710266|0.8297218084335327|0.9647057056427002
-38.2400016784668|26.789636611938477|-27.822002410888672
0.0|270.000004325711|340.34000056850823
4.7064008712768555|13.998002052307129|0.800000011920929
Quad.GBR.Halo(v).005(Visual)
0.13051965832710266|0.8297218084335327|0.9647057056427002
-38.2400016784668|27.125640869140625|-21.81999969482422
359.99999875396645|269.9999838351435|340.63999613723354
4.706789970397949|12.925041198730469|0.800000011920929
Quad.GBR.Halo(v).006(Visual)
0.13051965832710266|0.8297218084335327|0.9647057056427002
-38.2400016784668|16.336286544799805|-23.7760009765625
359.99999932091845|269.9999974955218|1.877999999326145
4.441979885101318|11.33703899383545|0.800000011920929
Quad.GBR.Halo(v).007(Visual)
0.13051965832710266|0.8297218084335327|0.9647057056427002
-38.2400016784668|15.6696138381958|-29.495994567871094
359.9999984924798|269.9999974955218|5.522998965238561
4.7063984870910645|11.532000541687012|0.800000011920929
Quad.GBR.Wall(v).D(Visual)
1.0|0.8752898573875427|0.8004257082939148
-37.60000228881836|-12.29498291015625|0.0
0.0|269.9999906653327|0.0
88.80001068115234|8.209879875183105|0.800000011920929
Quad.GBR.Wall(v).L(Visual)
1.0|0.8752898573875427|0.8004257082939148
-37.60000228881836|12.194960594177246|-38.624961853027344
0.0|269.9999906653327|0.0
11.550000190734863|40.77000045776367|0.800000011920929
Quad.GBR.Wall(v).R(Visual)
1.0|0.8752898573875427|0.8004257082939148
-37.60000228881836|12.194968223571777|38.625003814697266
0.0|269.9999906653327|0.0
11.550000190734863|40.77000045776367|0.800000011920929
Quad.GBR.Wall(v).U(Visual)
1.0|0.8752898573875427|0.8004257082939148
-37.60000228881836|36.48996353149414|0.0
0.0|269.9999906653327|0.0
88.80001068115234|7.819999694824219|0.800000011920929
Quad.MW.Wall(v).B(Visual)
1.0|0.8752898573875427|0.8004257082939148
37.60000228881836|12.0|0.0
0.0|90.00000933466734|0.0
88.80001068115234|56.79999923706055|0.800000011920929
Quad.MW.Wall(v).D(Visual)
1.0|0.8752898573875427|0.8004257082939148
0.0|-16.000036239624023|0.0
89.999995674289|0.0|0.0
76.0|88.80001068115234|0.800000011920929
Quad.MW.Wall(v).R(Visual)
1.0|0.8752898573875427|0.8004257082939148
0.0|11.99996566772461|44.0
0.0|0.0|0.0
76.0|56.79999923706055|0.800000011920929
Quad.MW.Wall(v).U(Visual)
1.0|0.8752898573875427|0.8004257082939148
0.0|39.99997329711914|0.0
270.000004325711|0.0|0.0
76.0|88.80001068115234|0.800000011920929
Quad.MW.LightWall(v).D(Visual)
1.0|0.8752898573875427|0.8004257082939148
13.0|-2.200003147125244|-44.0
179.999991348578|0.0|0.0
22.799999237060547|28.399999618530273|0.800000011920929
Quad.MW.LightWall(v).L(Visual)
1.0|0.8752898573875427|0.8004257082939148
31.200000762939453|11.99999713897705|-44.0
179.999991348578|0.0|0.0
13.600000381469727|56.79999923706055|0.800000011920929
Quad.MW.LightWall(v).R(Visual)
1.0|0.8752898573875427|0.8004257082939148
-18.202646255493164|11.999961853027344|-43.99618148803711
179.999991348578|0.0|0.0
39.60000228881836|56.79999923706055|0.800000011920929
Quad.MW.LightWall(v).R.001(Visual)
1.0|0.8752898573875427|0.8004257082939148
13.0|34.71999740600586|-44.000003814697266
179.999991348578|0.0|0.0
22.80000114440918|11.360000610351562|0.800000011920929
Quad.GBR.BackGround(v)(Visual)
0.012134156189858913|0.15732742846012115|0.3276735544204712
-38.56000900268555|12.0|0.0
0.0|269.9999906653327|0.0
88.80001068115234|56.79999923706055|0.800000011920929
Quad.GBR.Outline(v)(Visual)
0.0|0.06000844016671181|0.16110269725322723
-37.60000228881836|-7.740039825439453|-2.8687969155175713e-14
0.0|269.9999906653327|0.0
65.70000457763672|0.9000000357627869|0.800000011920929
Quad.GBR.Outline(v).001(Visual)
0.0|0.06000844016671181|0.16110269725322723
-37.60000228881836|32.12997055053711|-1.2223708644679837e-13
0.0|269.9999906653327|0.0
65.70000457763672|0.9000000357627869|0.800000011920929
Quad.GBR.Outline(v).002(Visual)
0.0|0.06000844016671181|0.16110269725322723
-37.60000228881836|12.194964408874512|-32.400001525878906
0.0|269.9999906653327|0.0
0.9000000357627869|38.97000503540039|0.800000011920929
Quad.GBR.Outline(v).003(Visual)
0.0|0.06000844016671181|0.16110269725322723
-37.60000228881836|12.194960594177246|32.400001525878906
0.0|269.9999906653327|0.0
0.9000000357627869|38.97000503540039|0.800000011920929
